2048
3356
2506
2167
2697
1848
1549
3268
3747
2625
2730
2819
1646
2044
3650
3213
2201
2548
2010
953
2047
3142
2085
1547
1894
882
445
2051
2449
1276
1365
1470
348
827
2546
2247
1398
1928
1589
739
2047
3356
2506
2167
2697
1848
1549
3268
3747
2625
2730
2819
1646
2044
3650
3213
2201
2548
2010
953
2047
3142
2085
1547
1894
882
445
2051
2449
1276
1365
1470
348
827
2546
2247
1398
1928
1589
739
2047
3356
2506
2167
2697
1848
1549
3268
3747
2625
2730
2819
1646
2044
3650
3213
2201
2548
2010
953
2048
3142
2085
1547
1894
882
445
2051
2449
1276
1365
1470
348
827
2546
2247
1398
1928
1589
739
2047
3356
2506
2167
2697
1848
1549
3268
3747
2625
2730
2819
1646
2044
3650
3213
2201
2548
2010
953
2048
3142
2085
1547
1894
882
445
2051
2449
1276
1365
1470
348
827
2546
2247
1398
1928
1589
739
2047
3356
2506
2167
2697
1848
1549
3268
3747
2625
2730
2819
1646
2044
3650
3213
2201
2548
2010
953
2047
3142
2085
1547
1894
882
445
2051
2449
1276
1365
1470
348
827
2546
2247
1398
1928
1589
739
2048
3356
2506
2167
2697
1848
1549
3268
3747
2625
2730
2819
1646
2044
3650
3213
2201
2548
2010
953
2047
3142
2085
1547
1894
882
445
2051
2449
1276
1365
1470
348
827
2546
2247
1398
1928
1589
739
2047
3356
2506
2167
2697
1848
1549
3268
3747
2625
2730
2819
1646
2044
3650
3213
2201
2548
2010
953
2047
3142
2085
1547
1894
882
445
2051
2449
1276
1365
1470
348
827
2546
2247
1398
1928
1589
739
2048
3356
2506
2167
2697
1848
1549
3268
3747
2625
2730
2819
1646
2044
3650
3213
2201
2548
2010
953
2047
3142
2085
1547
1894
882
445
2051
2449
1276
1365
1470
348
827
2546
2247
1398
1928
1589
739
2047
3356
2506
2167
2697
1848
1549
3268
3747
2625
2730
2819
1646
2044
3650
3213
2201
2548
2010
953
2047
3142
2085
1547
1894
882
445
2051
2449
1276
1365
1470
348
827
2546
2247
1398
1928
1589
739
2047
3356
2506
2167
2697
1848
1549
3268
3747
2625
2730
2819
1646
2044
3650
3213
2201
2548
2010
953
2047
3142
2085
1547
1894
882
445
2051
2449
1276
1365
1470
348
827
2546
2247
1398
1928
1589
739
2048
3356
2506
2167
2697
1848
1549
3268
3747
2625
2730
2819
1646
2044
3650
3213
2201
2548
2010
953
2047
3142
2085
1547
1894
882
445
2051
2449
1276
1365
1470
348
827
2546
2247
1398
1928
1589
739
2047
3356
2506
2167
2697
1848
1549
3268
3747
2625
2730
2819
1646
2044
3650
3213
2201
2548
2010
953
2047
3142
2085
1547
1894
882
445
2051
2449
1276
1365
1470
348
827
2546
2247
1398
1928
1589
739
2047
3356
2506
2167
2697
1848
1549
3268
3747
2625
2730
2819
1646
2044
3650
3213
2201
2548
2010
953