0
20933
7343
1913
10388
-3199
-7971
19527
27196
9236
10922
12339
-6420
-63
25644
18646
2452
8003
-592
-17516
0
17516
592
-8003
-2452
-18646
-25644
63
6420
-12339
-10922
-9236
-27196
-19527
7971
3199
-10388
-1913
-7343
-20933
0
20933
7343
1913
10388
-3199
-7971
19527
27196
9236
10922
12339
-6420
-63
25644
18646
2452
8003
-592
-17516
0
17516
592
-8003
-2452
-18646
-25644
63
6420
-12339
-10922
-9236
-27196
-19527
7971
3199
-10388
-1913
-7343
-20933
0
20933
7343
1913
10388
-3199
-7971
19527
27196
9236
10922
12339
-6420
-63
25644
18646
2452
8003
-592
-17516
0
17516
592
-8003
-2452
-18646
-25644
63
6420
-12339
-10922
-9236
-27196
-19527
7971
3199
-10388
-1913
-7343
-20933
0
20933
7343
1913
10388
-3199
-7971
19527
27196
9236
10922
12339
-6420
-63
25644
18646
2452
8003
-592
-17516
0
17516
592
-8003
-2452
-18646
-25644
63
6420
-12339
-10922
-9236
-27196
-19527
7971
3199
-10388
-1913
-7343
-20933
0
20933
7343
1913
10388
-3199
-7971
19527
27196
9236
10922
12339
-6420
-63
25644
18646
2452
8003
-592
-17516
0
17516
592
-8003
-2452
-18646
-25644
63
6420
-12339
-10922
-9236
-27196
-19527
7971
3199
-10388
-1913
-7343
-20933
0
20933
7343
1913
10388
-3199
-7971
19527
27196
9236
10922
12339
-6420
-63
25644
18646
2452
8003
-592
-17516
0
17516
592
-8003
-2452
-18646
-25644
63
6420
-12339
-10922
-9236
-27196
-19527
7971
3199
-10388
-1913
-7343
-20933
0
20933
7343
1913
10388
-3199
-7971
19527
27196
9236
10922
12339
-6420
-63
25644
18646
2452
8003
-592
-17516
0
17516
592
-8003
-2452
-18646
-25644
63
6420
-12339
-10922
-9236
-27196
-19527
7971
3199
-10388
-1913
-7343
-20933
0
20933
7343
1913
10388
-3199
-7971
19527
27196
9236
10922
12339
-6420
-63
25644
18646
2452
8003
-592
-17516
0
17516
592
-8003
-2452
-18646
-25644
63
6420
-12339
-10922
-9236
-27196
-19527
7971
3199
-10388
-1913
-7343
-20933
0
20933
7343
1913
10388
-3199
-7971
19527
27196
9236
10922
12339
-6420
-63
25644
18646
2452
8003
-592
-17516
0
17516
592
-8003
-2452
-18646
-25644
63
6420
-12339
-10922
-9236
-27196
-19527
7971
3199
-10388
-1913
-7343
-20933
0
20933
7343
1913
10388
-3199
-7971
19527
27196
9236
10922
12339
-6420
-63
25644
18646
2452
8003
-592
-17516
0
17516
592
-8003
-2452
-18646
-25644
63
6420
-12339
-10922
-9236
-27196
-19527
7971
3199
-10388
-1913
-7343
-20933
0
20933
7343
1913
10388
-3199
-7971
19527
27196
9236
10922
12339
-6420
-63
25644
18646
2452
8003
-592
-17516
0
17516
592
-8003
-2452
-18646
-25644
63
6420
-12339
-10922
-9236
-27196
-19527
7971
3199
-10388
-1913
-7343
-20933
0
20933
7343
1913
10388
-3199
-7971
19527
27196
9236
10922
12339
-6420
-63
25644
18646
2452
8003
-592
-17516
0
17516
592
-8003
-2452
-18646
-25644
63
6420
-12339
-10922
-9236
-27196
-19527
7971
3199
-10388
-1913
-7343
-20933
0
20933
7343
1913
10388
-3199
-7971
19527
27196
9236
10922
12339
-6420
-63
25644
18646
2452
8003
-592
-17516